-8.914244683687230975e+01
-8.587219339241542571e+01
-8.997070019108035410e+01
-8.567877809460640037e+01
-9.248124989436703913e+01
-9.183387703704180183e+01
-9.056718259752848610e+01
-9.161384389655771088e+01
-9.137315411323399417e+01
-9.094528377394647123e+01
-9.049500565270751906e+01
-8.965142233428885277e+01
-9.381539581087579904e+01
-9.376313967556170326e+01
-9.342774264100722803e+01
-9.213126799249927501e+01
-9.348037242709453665e+01
-9.327199164299223355e+01
-9.283867288885934954e+01
-9.365632510524774546e+01
-9.315047424595351799e+01
-9.346030614202324216e+01
-9.410095742614937819e+01
-9.449004939074802678e+01
-9.462704308199205627e+01
-9.458072265293762371e+01
-9.503828858775575839e+01
-9.572213061662422717e+01
-9.778055032267506874e+01
-9.597284969565481560e+01
-9.456980259818097068e+01
-9.473762349076834255e+01
-9.739332151326252074e+01
-9.652761593389840300e+01
-9.577725207626183135e+01
-9.621591798340331536e+01
-9.729791330139956074e+01
-9.763989380367058857e+01
-9.828168612505308488e+01
-9.795229936516534508e+01
-9.771102550098727590e+01
-9.808022290425370215e+01
-9.842210182489067449e+01
-9.853639756147748585e+01
-9.790211278920556026e+01
-9.863489086229780867e+01
-1.015212078323395701e+02
-9.923999929305962553e+01
-9.936746320462920323e+01
-9.999385636548005607e+01
-9.989281595158807647e+01
-1.002204682916440390e+02
-9.879947761086333458e+01
-9.974337943112408311e+01
-1.007283779468383642e+02
-1.007021976359688153e+02
-1.008236964336217625e+02
-1.008786777581552485e+02
-1.009535562793197698e+02
-1.008130898590136439e+02
-1.023552329085844406e+02
-1.017377750618273922e+02
-1.044024729265176745e+02
-1.024243118039438798e+02
-1.028808693071900535e+02
-1.056646963750362289e+02
-1.044619231876532410e+02
-1.022088550045415047e+02
-1.036169992563825559e+02
-1.033024583452161664e+02
-1.039424699157243452e+02
-1.032924127524256193e+02
-1.040539138563140824e+02
-1.039538163028547757e+02
-1.098174597877354017e+02
-1.046743931807147447e+02
-1.031172609663326654e+02
-1.048216126222126263e+02
-1.049456512861835336e+02
-1.070283209866042853e+02
-1.085736900856043547e+02
-1.048973606284837388e+02
-1.044710507049328356e+02
-1.044168198546166622e+02
-1.055634844561843551e+02
-1.061451701187571786e+02
-1.102057640031988370e+02
-1.069396391275672045e+02
-1.064692973026871101e+02
-1.072172845488866955e+02
-1.070635678220420317e+02
-1.074511711939183272e+02
-1.081264281032434127e+02
-1.074223946028302095e+02
-1.066452561309892957e+02
-1.071809539588648903e+02
-1.074121428792502968e+02
-1.093761102026882952e+02
-1.080749169236635510e+02
-1.067958127965349604e+02
-1.044645811735723697e+02
-1.105884236525501763e+02
-1.093317893639283227e+02
-1.096041417773524671e+02
-1.108536029664027467e+02
-1.106088587277968145e+02
-1.103209147693709440e+02
-1.104561646281435117e+02
-1.127077991965956727e+02
-1.118159043251436344e+02
-1.117197198290134708e+02
-1.110462170368188453e+02
-1.084859366371315872e+02
-1.123040817090333405e+02
-1.104579269488138493e+02
-1.133830810252709114e+02
-1.125228872930085231e+02
-1.132635558897461010e+02
-1.121551011685500470e+02
-1.136116220367552501e+02
-1.174080305172421248e+02
-1.146424821899447437e+02
-1.133588619800538879e+02
-1.138786041840417766e+02
-1.140425326894389997e+02
-1.147292524423057785e+02
-1.153187211581813187e+02
-1.143413599126400868e+02
-1.145030844652720816e+02
-1.129786497591023533e+02
-1.154381577614959014e+02
-1.149644320244097457e+02
-1.128139718758625776e+02
-1.138584939430025571e+02
-1.207070748213118065e+02
-1.152996233987053785e+02
-1.184596223400478578e+02
-1.153501809066092108e+02
-1.160647992488837161e+02
-1.161701179785281965e+02
-1.165898027759124460e+02
-1.120445505344110302e+02
-1.184589032335518652e+02
-1.164381078281859629e+02
-1.177150783993251224e+02
-1.107231065386608293e+02
-1.122295253940387880e+02
-1.162919772766331477e+02
-1.176807415994263408e+02
-1.184121364687953530e+02
-1.179445261420981552e+02
-1.184111327547240506e+02
-1.189513160792829325e+02
-1.191518698002629861e+02
-1.197709662858366215e+02
-1.195670861000976828e+02
-1.202794596212437170e+02
-1.208982696412127069e+02
-1.190913883957494050e+02
-1.208421901323918490e+02
-1.232271437235200437e+02
-1.223555222420100677e+02
-1.184350320713814853e+02
-1.228818579867013767e+02
-1.226895279408764026e+02
-1.193264582487637000e+02
-1.212243720918511229e+02
-1.344068125527182644e+02
-1.231387749328383450e+02
-1.229936730533715235e+02
-1.210665944676661780e+02
-1.224569096415095117e+02
-1.227229195807925635e+02
-1.224190565047709782e+02
-1.230902797016059793e+02
-1.255908823819646045e+02
-1.236744658171054709e+02
-1.232130816174567656e+02
-1.218325755467390081e+02
-1.216862034065290175e+02
-1.271386057991344529e+02
-1.243991268695879313e+02
-1.252051548224435322e+02
-1.224791429087436399e+02
-1.253270424379088013e+02
-1.243384724102693326e+02
-1.242058817357988119e+02
-1.257715409615589834e+02
-1.259474732692497980e+02
-1.331979331649631035e+02
-1.243504638970704832e+02
-1.284182221196741409e+02
-1.258312137659850976e+02
-1.273479996593995338e+02
-1.253256265439049173e+02
-1.289195127345844014e+02
-1.249384635315551861e+02
-1.275111710520060058e+02
-1.287876996051339233e+02
-1.277861984089851575e+02
-1.338536222785720042e+02
-1.224081010502778639e+02
-1.245284554392880949e+02
-1.248850024625395179e+02
-1.288236481214359230e+02
-1.300137371741969048e+02
-1.293297983661057629e+02
-1.280346793670025534e+02
-1.360164660801210914e+02
-1.389217710500137173e+02
-1.271166846544116424e+02
-1.327837808227342578e+02
-1.332428114409900672e+02
-1.362401235063301215e+02
-1.321072821998750726e+02
-1.324747338245892081e+02
-1.314813858853613056e+02
-1.311776753141532765e+02
-1.327623595278732296e+02
-1.348967730905717985e+02
-1.319034067376724408e+02
-1.322832675764855992e+02
-1.317008915469216959e+02
-1.285765449869364261e+02
-1.369384458119439785e+02
-1.289474118080035225e+02
-1.449507258683156294e+02
-1.372238346482248801e+02
-1.339843383977500082e+02
-1.350891481898032680e+02
-1.336196985512452784e+02
-1.361049204059001454e+02
-1.388876121702448643e+02
-1.319354345209954431e+02
-1.295400591840763980e+02
-1.374014636656581558e+02
-1.337461609452136884e+02
-1.344264437542065593e+02
-1.339734455617589504e+02
-1.365382785765953031e+02
-1.357513106246755967e+02
-1.442745817896878862e+02
-1.341288680833897331e+02
-1.383223924312793827e+02
-1.360370286650885419e+02
-1.421755984022207429e+02
-1.384091933928487208e+02
-1.323657490872704727e+02
-1.342863628774813947e+02
-1.346138569833088354e+02
-1.369898766549723916e+02
-1.400331140804824201e+02
-1.407073672026707811e+02
-1.377232365112995183e+02
-1.384378660879811775e+02
-1.396195647488301859e+02
-1.423769500136789361e+02
-1.382075108973414217e+02
-1.437499715106633289e+02
-1.422699259304685029e+02
-1.499598686098272537e+02
-1.411872996279574863e+02
-1.394139182763451288e+02
-1.366756272557410057e+02
-1.387341505946560005e+02
-1.422137763309366960e+02
-1.441835546516998647e+02
-1.430004911208868350e+02
-1.411911887766817131e+02
-1.402675150628496397e+02
-1.413164399354911609e+02
-1.376157807218883988e+02
-1.430188782058101253e+02
-1.478187889813325739e+02
-1.429665939453510930e+02
-1.496260570812500532e+02
-1.419366005339203980e+02
-1.460111011956722962e+02
-1.498558267781673123e+02
-1.505173602704844882e+02
-1.539493516686470969e+02
-1.446146271091626545e+02
-1.421261503087216909e+02
-1.438649516183867263e+02
-1.476104140919255485e+02
-1.432528706361981676e+02
-1.436977664876062875e+02
-1.439391114923155328e+02
-1.465116961201398738e+02
-1.272999083429114933e+02
-1.473209315530050674e+02
-1.531019132405207301e+02
-1.464065453532012100e+02
-1.581480635488415771e+02
-1.435572058193042153e+02
-1.463521871595696382e+02
-1.455817691503728213e+02
-1.469565349741109799e+02
-1.468074667724579001e+02
-1.461936607752605823e+02
-1.517897195470584677e+02
-1.228164011196458318e+02
-1.494734174376641249e+02
-1.467860040875896743e+02
-1.376923747149446342e+02
-1.447054655571092781e+02
-1.510481117244211475e+02
-1.521770225246924610e+02
-1.605992134551830759e+02
-1.530994933565061444e+02
-1.488381213006903465e+02
-1.638380916002604124e+02
-1.477933171052056878e+02
-1.568936885007430533e+02
-1.504579857510068734e+02
-1.484328306462794558e+02
-1.518989417717594677e+02
-1.491788662354289556e+02
-1.409020706251077115e+02
-1.504368751925968581e+02
-1.511076555768530909e+02
-1.535860324527029093e+02
-1.621509134821083364e+02
-1.568700185092754964e+02
-1.383440593176008520e+02
-1.533570235901677279e+02
-1.331889780839171920e+02
-1.487870389935443995e+02
-1.476664271448572094e+02
-1.499191407694632119e+02
-1.511810591188903459e+02
-1.560270738174152143e+02
-1.617834767607337483e+02
-1.567925490561763695e+02
-1.546383848815214037e+02
-1.520144800402801195e+02
-1.526363660949433836e+02
-1.515413546161045417e+02
-1.590852633002972425e+02
-1.543438194926953315e+02
-1.695191788477624470e+02
-1.564171727851044693e+02
-1.512540025240911916e+02
-1.562700393139057553e+02
-1.468169387099032406e+02
-1.506665555059712744e+02
-1.546467141579130384e+02
-1.637226873426299676e+02
-1.508447288857106514e+02
