1.795218914782623632e-01
3.590437829565247263e-01
5.385656744347870895e-01
7.180875659130494526e-01
8.976094573913119268e-01
1.077131348869574179e+00
1.256653240347836542e+00
1.436175131826098905e+00
1.615697023304361490e+00
1.795218914782623854e+00
1.974740806260885995e+00
2.154262697739148358e+00
2.333784589217410943e+00
2.513306480695673084e+00
2.692828372173935669e+00
2.872350263652197810e+00
3.051872155130460396e+00
3.231394046608722981e+00
3.410915938086985122e+00
3.590437829565247707e+00
3.769959721043509404e+00
3.949481612521771989e+00
4.129003504000034575e+00
4.308525395478296716e+00
4.488047286956559745e+00
4.667569178434821886e+00
4.847091069913084027e+00
5.026612961391346168e+00
5.206134852869608309e+00
5.385656744347871339e+00
5.565178635826133480e+00
5.744700527304395621e+00
5.924222418782658650e+00
6.103744310260920791e+00
6.283266201739182932e+00
6.462788093217445962e+00
6.642309984695708103e+00
6.821831876173970244e+00
7.001353767652233273e+00
7.180875659130495414e+00
7.360397550608756667e+00
7.539919442087018808e+00
7.719441333565281838e+00
7.898963225043543979e+00
8.078485116521806120e+00
8.258007008000069149e+00
8.437528899478332178e+00
8.617050790956593431e+00
8.796572682434856461e+00
8.976094573913119490e+00
9.155616465391380743e+00
9.335138356869643772e+00
9.514660248347906801e+00
9.694182139826168054e+00
9.873704031304431084e+00
1.005322592278269234e+01
1.023274781426095537e+01
1.041226970573921662e+01
1.059179159721747965e+01
1.077131348869574268e+01
1.095083538017400393e+01
1.113035727165226696e+01
1.130987916313052999e+01
1.148940105460879124e+01
1.166892294608705427e+01
1.184844483756531730e+01
1.202796672904357855e+01
1.220748862052184158e+01
1.238701051200010461e+01
1.256653240347836586e+01
1.274605429495662889e+01
1.292557618643489192e+01
1.310509807791315318e+01
1.328461996939141621e+01
1.346414186086967923e+01
1.364366375234794049e+01
1.382318564382620352e+01
1.400270753530446655e+01
1.418222942678272958e+01
1.436175131826099083e+01
1.454127320973925031e+01
1.472079510121751333e+01
1.490031699269577636e+01
1.507983888417403762e+01
1.525936077565230065e+01
1.543888266713056368e+01
1.561840455860882493e+01
1.579792645008708796e+01
1.597744834156535099e+01
1.615697023304361224e+01
1.633649212452187527e+01
1.651601401600013830e+01
1.669553590747840133e+01
1.687505779895666436e+01
1.705457969043492383e+01
1.723410158191318686e+01
1.741362347339144989e+01
1.759314536486971292e+01
1.777266725634797595e+01
1.795218914782623898e+01
1.813171103930449846e+01
1.831123293078276149e+01
1.849075482226102451e+01
1.867027671373928754e+01
1.884979860521755057e+01
1.902932049669581360e+01
1.920884238817407308e+01
1.938836427965233611e+01
1.956788617113059914e+01
1.974740806260886217e+01
1.992692995408712520e+01
2.010645184556538467e+01
2.028597373704364770e+01
2.046549562852191073e+01
2.064501752000017021e+01
2.082453941147843324e+01
2.100406130295669627e+01
2.118358319443495930e+01
2.136310508591322233e+01
2.154262697739148535e+01
2.172214886886974483e+01
2.190167076034800786e+01
2.208119265182627089e+01
2.226071454330453392e+01
2.244023643478279695e+01
2.261975832626105998e+01
2.279928021773931945e+01
2.297880210921758248e+01
2.315832400069584551e+01
2.333784589217410854e+01
2.351736778365237157e+01
2.369688967513063460e+01
2.387641156660889763e+01
2.405593345808715711e+01
2.423545534956542014e+01
2.441497724104368316e+01
2.459449913252194619e+01
2.477402102400020922e+01
2.495354291547847225e+01
2.513306480695673173e+01
2.531258669843499476e+01
2.549210858991325779e+01
2.567163048139152082e+01
2.585115237286978385e+01
2.603067426434804688e+01
2.621019615582630635e+01
2.638971804730456938e+01
2.656923993878283241e+01
2.674876183026109544e+01
2.692828372173935847e+01
2.710780561321762150e+01
2.728732750469588098e+01
2.746684939617414400e+01
2.764637128765240703e+01
2.782589317913067006e+01
2.800541507060893309e+01
2.818493696208719612e+01
2.836445885356545915e+01
2.854398074504371863e+01
2.872350263652198166e+01
2.890302452800023758e+01
2.908254641947850061e+01
2.926206831095676364e+01
2.944159020243502667e+01
2.962111209391328970e+01
2.980063398539155273e+01
2.998015587686981576e+01
3.015967776834807523e+01
3.033919965982633826e+01
3.051872155130460129e+01
3.069824344278286432e+01
3.087776533426112735e+01
3.105728722573939038e+01
3.123680911721764986e+01
3.141633100869591289e+01
3.159585290017417591e+01
3.177537479165243894e+01
3.195489668313070197e+01
3.213441857460896500e+01
3.231394046608722448e+01
3.249346235756549106e+01
3.267298424904375054e+01
3.285250614052201001e+01
3.303202803200027660e+01
3.321154992347853607e+01
3.339107181495680265e+01
3.357059370643506213e+01
3.375011559791332871e+01
3.392963748939158819e+01
3.410915938086984767e+01
3.428868127234811425e+01
3.446820316382637372e+01
3.464772505530464031e+01
3.482724694678289978e+01
3.500676883826116637e+01
3.518629072973942584e+01
3.536581262121768532e+01
3.554533451269595190e+01
3.572485640417421138e+01
3.590437829565247796e+01
3.608390018713073744e+01
3.626342207860899691e+01
3.644294397008726349e+01
3.662246586156552297e+01
3.680198775304378955e+01
3.698150964452204903e+01
3.716103153600031561e+01
3.734055342747857509e+01
3.752007531895683456e+01
3.769959721043510115e+01
3.787911910191336062e+01
3.805864099339162721e+01
3.823816288486988668e+01
3.841768477634814616e+01
3.859720666782641274e+01
3.877672855930467222e+01
3.895625045078293880e+01
3.913577234226119828e+01
3.931529423373946486e+01
3.949481612521772433e+01
3.967433801669598381e+01
3.985385990817425039e+01
4.003338179965250987e+01
4.021290369113076935e+01
4.039242558260902882e+01
4.057194747408729540e+01
4.075146936556555488e+01
4.093099125704382146e+01
4.111051314852208094e+01
4.129003504000034042e+01
4.146955693147860700e+01
4.164907882295686647e+01
4.182860071443513306e+01
4.200812260591339253e+01
4.218764449739165912e+01
4.236716638886991859e+01
4.254668828034817807e+01
4.272621017182644465e+01
4.290573206330470413e+01
4.308525395478297071e+01
4.326477584626123019e+01
4.344429773773948966e+01
4.362381962921775624e+01
4.380334152069601572e+01
4.398286341217428230e+01
4.416238530365254178e+01
4.434190719513080836e+01
4.452142908660906784e+01
4.470095097808732731e+01
4.488047286956559390e+01
4.505999476104385337e+01
4.523951665252211995e+01
4.541903854400037943e+01
4.559856043547863891e+01
4.577808232695690549e+01
4.595760421843516497e+01
4.613712610991343155e+01
4.631664800139169103e+01
4.649616989286995761e+01
4.667569178434821708e+01
4.685521367582647656e+01
4.703473556730474314e+01
4.721425745878300262e+01
4.739377935026126920e+01
4.757330124173952868e+01
4.775282313321779526e+01
4.793234502469605474e+01
4.811186691617431421e+01
4.829138880765258079e+01
4.847091069913084027e+01
4.865043259060910685e+01
4.882995448208736633e+01
4.900947637356562581e+01
4.918899826504389239e+01
4.936852015652215186e+01
4.954804204800041845e+01
4.972756393947867792e+01
4.990708583095694451e+01
5.008660772243520398e+01
5.026612961391346346e+01
5.044565150539172294e+01
5.062517339686998952e+01
5.080469528834824899e+01
5.098421717982651558e+01
5.116373907130477505e+01
5.134326096278304163e+01
5.152278285426130111e+01
5.170230474573956769e+01
5.188182663721782006e+01
5.206134852869609375e+01
5.224087042017434612e+01
5.242039231165261270e+01
5.259991420313087218e+01
5.277943609460913876e+01
5.295895798608739824e+01
5.313847987756566482e+01
5.331800176904392430e+01
5.349752366052219088e+01
5.367704555200045036e+01
5.385656744347871694e+01
5.403608933495696931e+01
5.421561122643524300e+01
5.439513311791349537e+01
5.457465500939176195e+01
5.475417690087002143e+01
5.493369879234828801e+01
5.511322068382654749e+01
5.529274257530481407e+01
5.547226446678307354e+01
5.565178635826134013e+01
5.583130824973959960e+01
5.601083014121786618e+01
5.619035203269611856e+01
5.636987392417439224e+01
5.654939581565264461e+01
5.672891770713091830e+01
5.690843959860917067e+01
5.708796149008743726e+01
5.726748338156569673e+01
5.744700527304396331e+01
5.762652716452222279e+01
5.780604905600047516e+01
5.798557094747874885e+01
5.816509283895700122e+01
5.834461473043527491e+01
5.852413662191352728e+01
5.870365851339179386e+01
5.888318040487005334e+01
5.906270229634831992e+01
5.924222418782657940e+01
5.942174607930484598e+01
5.960126797078310545e+01
5.978078986226137204e+01
5.996031175373963151e+01
6.013983364521789809e+01
6.031935553669615047e+01
6.049887742817442415e+01
6.067839931965267652e+01
6.085792121113094311e+01
6.103744310260920258e+01
6.121696499408746917e+01
6.139648688556572864e+01
6.157600877704399522e+01
6.175553066852225470e+01
6.193505256000052128e+01
6.211457445147878076e+01
6.229409634295704734e+01
6.247361823443529971e+01
6.265314012591357340e+01
