2.570469379828312029e+01
5.002609919937202676e+01
4.612438227874370966e+01
4.453708910220108663e+01
4.278389273001568682e+01
4.046335009230735125e+01
3.897508830165544680e+01
3.799545826839010942e+01
3.624792066408270585e+01
3.527720094017999486e+01
3.441608812990300947e+01
3.341942172012183221e+01
3.278944697166254230e+01
3.246902090159260013e+01
3.156539546614625635e+01
3.099262209628825460e+01
3.012616474974661784e+01
2.963290270531441095e+01
2.914625643930671473e+01
2.873367650601867496e+01
2.811597315073173320e+01
2.757660438419164706e+01
2.749037360377437977e+01
2.714074901749803104e+01
2.672012960366043188e+01
2.636145434497302631e+01
2.596004864933863132e+01
2.561277595598727785e+01
2.523806064974776220e+01
2.505602042579547373e+01
2.497407389398171063e+01
2.477917285002861902e+01
2.423623911718607005e+01
2.379314193677600997e+01
2.404477008288607465e+01
2.345175135257803589e+01
2.323538085247679774e+01
2.288632042142815592e+01
2.268321152171246169e+01
2.263184238990304920e+01
2.253687678735767363e+01
2.205424475332500123e+01
2.182385480476161987e+01
2.166182451192129932e+01
2.154849249877347006e+01
2.100074511830437984e+01
2.108167776374533275e+01
2.090467444002563369e+01
2.061425039821226335e+01
2.035635429965721954e+01
2.030931379706297690e+01
2.024079149417900325e+01
1.995376349747817102e+01
1.961212197365367516e+01
1.984584616220390529e+01
1.943608187368020523e+01
1.936196161408016536e+01
1.918045551715170305e+01
1.902975506588527921e+01
1.886257410318165384e+01
1.871093273797853129e+01
1.869994671914933093e+01
1.852389567747787424e+01
1.866109656626142410e+01
1.847858454293393393e+01
1.812025622580835460e+01
1.793043058038014692e+01
1.772284421752562977e+01
1.798073892377516714e+01
1.749576723063611894e+01
1.751838903533857916e+01
1.729664357983281420e+01
1.712308538365012112e+01
1.709508569187016747e+01
1.692371337431967859e+01
1.683265335187198275e+01
1.678056816779731619e+01
1.651288712080667054e+01
1.631257420188208584e+01
1.623306542401258667e+01
1.657585629663484639e+01
1.605103041073233783e+01
1.592904130289516829e+01
1.590560975890625173e+01
1.572873216499521831e+01
1.581291373162000369e+01
1.554998681479177947e+01
1.582863902934519906e+01
1.478451315131540156e+01
1.512178565211320702e+01
1.521558042223847451e+01
1.513453202216851601e+01
1.503604927326214202e+01
1.506514043932328661e+01
1.492583309173152273e+01
1.518990743279890054e+01
1.412980523183098924e+01
1.478224564550377096e+01
1.449879028379704060e+01
1.440832246535324757e+01
1.432515286557217848e+01
1.357881313083006347e+01
1.444321069416349346e+01
1.402808100418747017e+01
1.385120716488773240e+01
1.380726942446862893e+01
1.377807596817536506e+01
1.370833002133084477e+01
1.360266559663729780e+01
1.308418053326006714e+01
1.287339350688299966e+01
1.337506386685351423e+01
1.313039578856336043e+01
1.255244348616408345e+01
1.353974174279176701e+01
1.259722441614585797e+01
1.299747081315825170e+01
1.307324930169541233e+01
1.260666848436482823e+01
1.253389920492919707e+01
1.246312398438916347e+01
1.256146300308714281e+01
1.309308803612513294e+01
1.246689661750532352e+01
1.234048747979756300e+01
1.226351151391139993e+01
1.228786215302871732e+01
1.213292030301998103e+01
1.195482872751486880e+01
1.182197690783228339e+01
1.179511536577385300e+01
1.177324447160121856e+01
1.162123169280681267e+01
1.169235009979944095e+01
1.177610277189238985e+01
1.199874144853257718e+01
1.178706585851802657e+01
1.136633946247934013e+01
1.153566008336854054e+01
1.138979943210397039e+01
1.134784780262290305e+01
1.135268695803751982e+01
1.079582027890820228e+01
1.109251234787447871e+01
1.111143692511069325e+01
1.048908316805691499e+01
1.279436570340087087e+01
1.068043972639120831e+01
1.166635257450034224e+01
1.073531351895818631e+01
1.111122541591412549e+01
1.099880028299530821e+01
1.075679707659147866e+01
1.069811650837445782e+01
1.027338661464378333e+01
1.031035281436806450e+01
1.036145433609388533e+01
1.039455771642040283e+01
1.027248077412938621e+01
1.023761999770545472e+01
1.066441880038720491e+01
9.863978777912112861e+00
1.049749576900006254e+01
1.054401863540413231e+01
9.534055864006841574e+00
9.861858406189226045e+00
9.397320561250870341e+00
9.186804180686001686e+00
8.797225235633952423e+00
9.283889770243227701e+00
9.650028894848489358e+00
9.487767378522171668e+00
9.509048397687617893e+00
9.461164063587585105e+00
9.556177691380520756e+00
8.693438014014324366e+00
7.445496906560262751e+00
9.200869312610201689e+00
9.395058242678475224e+00
9.915336972825080863e+00
8.562858654072819320e+00
7.665344380048027872e+00
8.913943706843440395e+00
8.585086307143370732e+00
9.220545712877274980e+00
8.626424658286818925e+00
8.816299986744111195e+00
9.069758152961162168e+00
8.653459270078352361e+00
8.664138907531143019e+00
9.672873860112154887e+00
8.583829359377091350e+00
8.277684631376692082e+00
8.741346035381784674e+00
8.091897421375037425e+00
8.339625051612459927e+00
9.134139089858845040e+00
7.907225804932643598e+00
8.056521427202184782e+00
7.964448290836536160e+00
8.169044960702322555e+00
7.751515515494191710e+00
7.475754680409433917e+00
8.531252217039501318e+00
7.754407184419164878e+00
7.954168888606016452e+00
7.878913691628602223e+00
7.840240375874052425e+00
8.502620389878336127e+00
6.459910192149918906e+00
6.612060675902805329e+00
7.807421681341946140e+00
7.543564059347291462e+00
8.815729808342165796e+00
6.213853883677296963e+00
7.406192287227226778e+00
7.365759010013100294e+00
7.437828717833264491e+00
7.510449813786664208e+00
6.958313191065263581e+00
7.185408140067607086e+00
7.297313484059904098e+00
7.316949674033611295e+00
7.496080487038171647e+00
7.275943838605480884e+00
6.926795105671905262e+00
6.373132412699654914e+00
7.140590080340261991e+00
6.412406305556045183e+00
6.566290876125267850e+00
6.954237959283129378e+00
6.785924861276107833e+00
7.339482891135159726e+00
6.913337587110557791e+00
6.520629509893036690e+00
6.433556012389223255e+00
7.704077582199331253e+00
5.917129213695268675e+00
6.537501864203099977e+00
6.650057769741646752e+00
6.277856252974506113e+00
6.584923639345991120e+00
5.977262936139299043e+00
7.491884974077739123e+00
7.177479338583055757e+00
5.893797407959670664e+00
6.325958600128538833e+00
5.510480900634525447e+00
5.630580551755776320e+00
6.221553509726176046e+00
6.664639455153970715e+00
6.465338892574898466e+00
6.005170970455858459e+00
6.086267167386231414e+00
6.007167465440178766e+00
6.016257540839003326e+00
5.922626561385606614e+00
4.623348795775005904e+00
6.095137938338048400e+00
5.304073385298874399e+00
7.449700143673517516e+00
6.945558495750045580e+00
5.702686814488134637e+00
5.369975269464753787e+00
5.965103200389529015e+00
6.625434106799898082e+00
5.721838290158435925e+00
5.326191468719425615e+00
5.126663050078052564e+00
4.412914840941634331e+00
6.404790640119626843e+00
5.403243757464982977e+00
5.323151713419705722e+00
5.390125686529621873e+00
4.944908235997326429e+00
3.633988707451349942e+00
6.312982522819527098e+00
4.821484635119926310e+00
4.871541555900661180e+00
4.045844650271032350e+00
5.921151275548522719e+00
4.834221696392699386e+00
5.021088824584206911e+00
5.345315384297423478e+00
4.293809555563816716e+00
5.057837907253365017e+00
4.973881752331021033e+00
4.924301069836756639e+00
4.793991296649247502e+00
5.161583293019480934e+00
4.201407157949212490e+00
5.843009905729816822e+00
5.129780824827461672e+00
3.510633943523349565e+00
-2.168262324794912210e+00
5.037408082033106638e+00
6.255362580277780360e+00
5.029872056894907573e+00
4.046553948271187195e+00
4.487616205466311570e+00
4.043165123634341107e+00
5.610571113298456147e+00
5.601885456917803374e+00
4.600272077663039916e+00
4.439275267478930864e+00
1.714513040327520166e+00
4.387004435813453895e+00
3.775358392076700653e+00
3.193865052289095008e+00
7.908416591013991415e-01
3.112834022318765825e+00
3.138688193176894181e+00
3.477319330492848692e+00
4.234806684423619849e+00
5.550503731504131899e+00
4.318164812492664595e+00
3.998952707187926059e+00
4.374011157318186349e+00
3.885332515397248443e+00
3.538532585136988207e+00
3.990094192240341453e+00
3.663820134922976646e+00
3.536610238137682494e+00
1.522252041430648628e+00
4.641356696485000377e+00
2.180817125855292193e+00
7.007763283661839537e+00
5.270185380464970315e+00
3.535720581695860787e+00
3.724713084543633812e+00
3.388004591620794592e+00
4.011013623076630452e+00
2.867476101353215068e+00
4.090064870146072451e+00
3.367134123445529426e+00
3.960852417223341693e+00
3.569502598905720525e+00
3.425569714391537346e+00
3.530663881977631480e+00
3.125751229197884395e+00
4.718524416214734174e+00
6.649780163877023753e+00
3.878165193919953069e+00
3.240620391892320207e+00
2.927929970505331880e+00
5.575308685038007361e+00
3.174001265452355725e+00
5.023122972574746825e+00
3.574247174226099055e+00
3.681525806948880319e+00
